23:36:30
Preloaded menu, lenght: 2
load Anims:
 0 1 2 11366 11406
 1 5 6 11846 11886
 2 5 6 11856 11896
 3 5 6 11866 11906
 4 5 6 11846 11886
 5 5 6 11876 11916
 6 5 7 12326 12366
 7 5 6 12336 12376
 8 5 6 12346 12386
 11 7 6 11366 11406
 12 7 6 11380 11420
 13 4 5 11398 11438
 14 3 6 11440 11480
 15 5 9 12816 12856
 16 5 10 12886 12926
 17 5 7 12906 12946
 18 8 5 15378 15418
 20 6 9 14074 14114
 21 6 7 13514 13554
 22 4 8 13730 13770
 23 5 8 13738 13778
 24 4 8 13722 13762
 25 4 6 15004 15044
 30 3 5 13538 13578
 31 3 5 13544 13584
 32 2 3 13630 13670
 33 3 5 13544 13584
 34 4 8 14996 15036
 35 4 8 14356 14396
 36 3 6 13876 13916
 38 4 8 14018 14058
 39 4 8 14026 14066
 40 2 4 13076 13116
 41 2 4 13080 13120
 45 6 12 13686 13726
 46 2 4 13396 13436
 47 4 3 12358 12398
 48 4 3 12358 12398
 49 4 3 12358 12398
 50 4 8 14364 14404
 51 4 8 14372 14412
 52 4 8 14380 14420
 53 6 12 14646 14686
 54 6 12 14646 14686
 55 5 9 14658 14698
 56 4 8 14668 14708
 57 7 9 14872 14912
 58 7 9 14872 14912
 59 7 9 15192 15232
 60 6 12 14646 14686
 70 5 8 15846 15886
 71 5 9 15856 15896
 72 5 11 16486 16526
 73 5 11 16576 16616
 74 5 11 17366 17406
 75 5 9 16486 16526
 76 5 10 18246 18286
 77 5 8 18416 18456
 78 6 12 15866 15906
 79 6 9 17628 17668
 80 6 10 16828 16868
 81 6 12 15866 15906
 82 2 4 16842 16882
 83 2 5 17162 17202
 84 3 7 18506 18546
 85 4 9 18384 18424
 86 8 7 15910 15950
 87 8 7 18512 18552
 88 8 6 18608 18648
 89 7 11 16472 16512
 90 7 11 17352 17392
 91 7 11 18232 18272
Loading menu  9.
 Page ofs:  0, 4000
 Menu load OK. Actors:
 1 3 1 0
 2 1 3 258
 3 2 1 0
 4 1 2-16000
 5 1 3-16000
 6 2 4-16000
 7 3 5-16000
 8 4 5-16000
 1
 1
 1
 1
 1
 1
 1
 1
 1
 1
 1
 1
 1
 1
 1
 1
 1
 1
 1
 1
 1
 1
 1
 1
 1
 1
 1
 1
 1
 1
 1
 1
 1
 1
 1
 1
 1
 1
 1
 1
 1
 1
 1
 1
 1
 1
 1
 1
 1
 1
 1
 1
 1
 1
 1
 1
 1
 1
 1
 1
 1
 1
 1
 1
 1
 1
 1
 1
 1
 1
 1
 1
 1
 1
 1
 1
 1
 1
 1
 1
 1
 1
 1
 1
 1
 1
 1
 1
 1
 1
 1
 1
 1
 1
 1
 1
 1
 1
 1
 1
 1
 1
 1
 1
 1
 1
 1
 1
 1
 1
 1
 1
 1
 1
 1
 1
 1
 1
 1
 1
 1
 1
 1
 1
 1
 1
 1
 1
 1
 1
 1
 1
 1
 1
 1
 1
 1
 1
 1
 1
 1
 1
 1
 1
 1
 1
 1
 1
 1
 1
 1
 1
 1
 1
 1
 1
 1
 1
 1
 1
 1
 1
 1
 1
 1
 1
 1
 1
 1
 1
 1
Loading menu  10.
 Page ofs:  0, 4000
 Menu load OK. Actors:
 1 3 1 0
 2 1 3 258
 3 2 1 0
 4 2 1-16000
 5 2 1-16000
 1
 1
 1
 1
 1
 1
 1
 1
 1
 1
 1
 1
 1
 1
 1
 1
 1
 1
 1
 1
 1
 1
 1
 1
Loading menu  9.
 Page ofs:  0, 4000
 Menu load OK. Actors:
 1 3 1 0
 2 1 3 258
 3 2 1 0
 4 1 2-16000
 5 1 3-16000
 6 2 4-16000
 7 3 5-16000
 8 4 5-16000
 1
 1
 1
 1
 1
 1
 1
 1
 1
 1
 1
 1
 1
 1
 1
 1
 1
 1
 1
 1
 1
 1
 1
 1
 1
 1
 1
 1
 1
 1
 1
 1
Loading menu  10.
 Page ofs:  0, 4000
 Menu load OK. Actors:
 1 3 1 0
 2 1 3 258
 3 2 1 0
 4 2 1-16000
 5 2 1-16000
 1
 1
 1
 1
 1
 1
 1
 1
 1
 1
 1
 1
 1
 1
 1
 1
 1
Loading menu  9.
 Page ofs:  0, 4000
 Menu load OK. Actors:
 1 3 1 0
 2 1 3 258
 3 2 1 0
 4 1 2-16000
 5 1 3-16000
 6 2 4-16000
 7 3 5-16000
 8 4 5-16000
 1
 1
 1
 1
 1
 1
 1
 1
 1
 1
 1
 1
 1
 1
 1
 1
 1
 1
 1
 1
 1
 1
 1
 1
 1
 1
Loading menu  10.
 Page ofs:  0, 4000
 Menu load OK. Actors:
 1 3 1 0
 2 1 3 258
 3 2 1 0
 4 2 1-16000
 5 2 1-16000
 1
 1
 1
 1
 1
 1
 1
 1
 1
 1
 1
 1
 1
 1
 1
 1
Loading menu  9.
 Page ofs:  0, 4000
 Menu load OK. Actors:
 1 3 1 0
 2 1 3 258
 3 2 1 0
 4 1 2-16000
 5 1 3-16000
 6 2 4-16000
 7 3 5-16000
 8 4 5-16000
 1
 1
 1
 1
 1
 1
 1
 1
 1
 1
 1
 1
 1
 1
 1
 1
 1
 1
 1
 1
Loading menu  10.
 Page ofs:  0, 4000
 Menu load OK. Actors:
 1 3 1 0
 2 1 3 258
 3 2 1 0
 4 2 1-16000
 5 2 1-16000
 1
 1
 1
 1
 1
 1
 1
 1
 1
 1
 1
 1
 1
 1
 1
 1
 1
Loading menu  9.
 Page ofs:  0, 4000
 Menu load OK. Actors:
 1 3 1 0
 2 1 3 258
 3 2 1 0
 4 1 2-16000
 5 1 3-16000
 6 2 4-16000
 7 3 5-16000
 8 4 5-16000
 1
 1
 1
 1
 1
 1
 1
 1
 1
 1
 1
 1
 1
 1
 1
 1
 1
 1
Loading menu  0.
 Page ofs:  0, 4000
 Menu load OK. Actors:
 1 3 1 0
 2 12 3 258
 3 2 1 0
 4 1 5 62
 5 4 6 64
 6 5 7 64
 7 6 8 64
 8 7 9 64
 9 8 10 64
 10 9 11 64
 11 10 12 64
 12 11 2 64
 13 1 2-16000
 14 1 3-16000
 15 2 4-16000
 16 3 5-16000
 17 4 5-16000
 1
 1
 1
 1
 1
 1
 1
 1
 1
 1
 1
 1
 1
 1
 1
 1
 1
 1
 1
 1
 1
 1
 1
 1
 1
 1
 1
 1
 1
Loading menu  0.
 Page ofs:  8179, 3987
 Menu load OK. Actors:
 1 3 1 0
 2 12 3 258
 3 2 1 0
 4 1 5 62
 5 4 6 64
 6 5 7 64
 7 6 8 64
 8 7 9 64
 9 8 10 64
 10 9 11 64
 11 10 12 64
 12 11 2 64
 13 1 2-16000
 14 1 3-16000
 15 2 4-16000
 16 3 5-16000
 17 4 5-16000
 1
 1
 1
 1
 1
 1
 1
 1
 1
 1
 1
Loading menu  0.
 Page ofs:  5011, 819
 Menu load OK. Actors:
 1 3 1 0
 2 12 3 258
 3 2 1 0
 4 1 5 62
 5 4 6 64
 6 5 7 64
 7 6 8 64
 8 7 9 64
 9 8 10 64
 10 9 11 64
 11 10 12 64
 12 11 2 64
 13 1 2-16000
 14 1 3-16000
 15 2 4-16000
 16 3 5-16000
 17 4 5-16000
 1
 1
 1
 1
 1
 1
 1
 1
 1
 1
 1
 1
 1
 1
 1
Loading menu  1.
 Page ofs:  3036, 7036
 Menu load OK. Actors:
 1 3 1 0
 2 16 3 258
 3 2 1 0
 4 1 5 45
 5 4 6 62
 6 5 7 41
 7 6 8 11
 8 7 9 41
 9 8 10 4
 10 9 11 1
 11 10 12 41
 12 11 13 1
 13 12 14 8
 14 13 15 8
 15 14 16 41
 16 15 2 50
 17 1 7-16000
 18 1 4-16000
 19 7 5-16000
 20 4 5-16000
 1
 1
 1
 1
 1
 1
 1
 1
 1
 1
 1
 1
 1
 1
 1
 1
 1
 1
 1
 1
 1
 1
 1
 1
 1
 1
 1
 1
Loading menu  1.
 Page ofs:  5596, 1404
 Menu load OK. Actors:
 1 3 1 0
 2 16 3 258
 3 2 1 0
 4 1 5 45
 5 4 6 62
 6 5 7 41
 7 6 8 11
 8 7 9 41
 9 8 10 4
 10 9 11 1
 11 10 12 41
 12 11 13 1
 13 12 14 8
 14 13 15 8
 15 14 16 41
 16 15 2 50
 17 1 7-16000
 18 1 4-16000
 19 7 5-16000
 20 4 5-16000
 1
 1
 1
 1
 1
 1
 1
 1
 1
Loading menu  1.
 Page ofs:  5292, 1100
 Menu load OK. Actors:
 1 3 1 0
 2 16 3 258
 3 2 1 0
 4 1 5 45
 5 4 6 62
 6 5 7 41
 7 6 8 11
 8 7 9 41
 9 8 10 4
 10 9 11 1
 11 10 12 41
 12 11 13 1
 13 12 14 8
 14 13 16 8
 15 1 7-16000
 16 14 2 50
 17 1 4-16000
 18 7 5-16000
 19 4 5-16000
 1
 1
 1
 1
 1
 1
 1
 1
 1
 1
 1
 1
 1
 1
Loading menu  1.
 Page ofs:  3036, 7036
 Menu load OK. Actors:
 1 3 1 0
 2 16 3 258
 3 2 1 0
 4 1 5 45
 5 4 6 62
 6 5 7 41
 7 6 8 11
 8 7 9 41
 9 8 10 4
 10 9 11 1
 11 10 12 41
 12 11 13 1
 13 12 14 8
 14 13 16 8
 15 1 7-16000
 16 14 2 50
 17 1 4-16000
 18 7 5-16000
 19 4 5-16000
 1
 1
 1
 1
 1
 1
 1
 1
 1
 1
 1
 1
 1
 1
 1
 1
 1
 1
Loading menu  1.
 Page ofs:  1779, 5779
 Menu load OK. Actors:
 1 3 1 0
 2 16 3 258
 3 2 1 0
 4 1 5 45
 5 4 6 62
 6 5 7 41
 7 6 8 11
 8 7 11 41
 9 1 7-16000
 10 1 4-16000
 11 8 12 41
 12 11 13 1
 13 12 14 8
 14 13 16 8
 15 7 5-16000
 16 14 2 50
 17 4 5-16000
 1
 1
 1
 1
 1
 1
 1
 1
 1
 1
 1
 1
 1
 1
 1
 1
 1
 1
 1
 1
 1
 1
 1
 1
 1
 1
 1
 1
 1
 1
 1
 1
 1
 1
 1
 1
 1
 1
 1
 1
 1
 1
 1
 1
 1
 1
 1
 1
 1
 1
 1
 1
 1
 1
 1
 1
 1
 1
 1
 1
 1
 1
 1
 1
 1
 1
 1
 1
 1
 1
 1
 1
 1
 1
 1
 1
 1
 1
 1
 1
 1
Loading menu  1.
 Page ofs:  796, 4796
 Menu load OK. Actors:
 1 3 1 0
 2 16 3 258
 3 2 1 0
 4 1 5 45
 5 4 6 62
 6 5 7 41
 7 6 8 11
 8 7 11 41
 9 1 7-16000
 10 1 4-16000
 11 8 12 41
 12 11 13 1
 13 12 14 8
 14 13 16 8
 15 7 5-16000
 16 14 2 50
 17 4 5-16000
 1
 1
 1
 1
 1
 1
 1
 1
 1
 1
 1
 1
 1
 1
 1
 1
 1
 1
 1
 1
 1
 1
 1
 1
 1
 1
 1
 1
 1
 1
 1
 1
Loading menu  1.
 Page ofs:  1122, 5122
 Menu load OK. Actors:
 1 3 1 0
 2 16 3 258
 3 2 1 0
 4 1 5 45
 5 4 6 62
 6 5 7 41
 7 6 8 11
 8 7 11 41
 9 1 7-16000
 10 1 4-16000
 11 8 12 41
 12 11 13 1
 13 12 14 8
 14 13 16 8
 15 7 5-16000
 16 14 2 50
 17 4 5-16000
 1
 1
 1
 1
 1
 1
 1
 1
 1
 1
 1
 1
 1
 1
 1
 1
 1
 1
 1
 1
 1
 1
 1
 1
 1
 1
 1
 1
 1
 1
 1
 1
 1
 1
 1
 1
 1
 1
 1
 1
 1
Loading menu  1.
 Page ofs:  3951, 7951
 Menu load OK. Actors:
 1 3 1 0
 2 16 3 258
 3 2 1 0
 4 1 5 45
 5 4 6 62
 6 5 7 41
 7 6 8 11
 8 7 11 41
 9 1 7-16000
 10 1 4-16000
 11 8 12 41
 12 11 13 1
 13 12 14 8
 14 13 16 8
 15 7 5-16000
 16 14 2 50
 17 4 5-16000
 1
 1
 1
 1
 1
 1
 1
 1
 1
 1
 1
 1
Loading menu  1.
 Page ofs:  5625, 1433
 Menu load OK. Actors:
 1 3 1 0
 2 16 3 258
 3 2 1 0
 4 1 5 45
 5 4 6 62
 6 5 7 41
 7 6 8 11
 8 7 11 41
 9 1 7-16000
 10 1 4-16000
 11 8 12 41
 12 11 13 1
 13 12 14 8
 14 13 16 8
 15 7 5-16000
 16 14 2 50
 17 4 5-16000
 1
 1
 1
 1
 1
 1
 1
 1
 1
 1
 1
 1
 1
 1
 1
 1
 1
 1
 1
 1
 1
 1
 1
 1
 1
 1
 1
 1
 1
 1
 1
 1
 1
 1
 1
 1
 1
 1
 1
 1
 1
 1
 1
 1
Loading menu  4.
 Page ofs:  5625, 1433
 Menu load OK. Actors:
 1 3 1 0
 2 16 3 258
 3 2 1 0
 4 1 5 45
 5 4 6 62
 6 5 7 41
 7 6 8 11
 8 7 11 41
 9 1 2-16000
 10 1 2-16000
 11 8 12 41
 12 11 13 1
 13 12 14 8
 14 13 16 8
 16 14 2 50
 1
 1
 1
 1
 1
 1
 1
 1
 1
 1
 1
 1
 1
 1
 1
 1
 1
 1
 1
 1
 1
 1
 1
 1
 1
Loading menu  9.
 Page ofs:  5625, 1433
 Menu load OK. Actors:
 1 3 1 0
 2 1 3 258
 3 2 1 0
 4 1 2-16000
 5 1 3-16000
 6 2 4-16000
 7 3 5-16000
 8 4 5-16000
 1
 1
 1
 1
 1
 1
 1
 1
 1
 1
 1
 1
 1
 1
 1
 1
 1
 1
 1
 1
 1
 1
 1
 1
 1
 1
 1
 1
 1
 1
 1
 1
 1
 1
 1
 1
 1
 1
 1
 1
 1
 1
 1
 1
 1
 1
 1
 1
 1
 1
 1
 1
 1
 1
 1
 1
 1
 1
 1
Loading menu  10.
 Page ofs:  5625, 1433
 Menu load OK. Actors:
 1 3 1 0
 2 1 3 258
 3 2 1 0
 4 2 1-16000
 5 2 1-16000
 1
 1
 1
 1
 1
 1
 1
 1
 1
 1
 1
 1
 1
 1
 1
 1
 1
 1
 1
 1
 1
 1
 1
 1
Loading menu  9.
 Page ofs:  5625, 1433
 Menu load OK. Actors:
 1 3 1 0
 2 1 3 258
 3 2 1 0
 4 1 2-16000
 5 1 3-16000
 6 2 4-16000
 7 3 5-16000
 8 4 5-16000
 1
 1
 1
 1
 1
 1
 1
 1
 1
 1
 1
 1
 1
 1
 1
 1
 1
 1
 1
 1
 1
 1
 1
 1
 1
 1
 1
 1
 1
 1
 1
 1
 1
 1
 1
 1
 1
 1
Loading menu  10.
 Page ofs:  5625, 1433
 Menu load OK. Actors:
 1 3 1 0
 2 1 3 258
 3 2 1 0
 4 2 1-16000
 5 2 1-16000
 1
 1
 1
 1
 1
 1
 1
 1
 1
 1
 1
 1
 1
 1
 1
 1
 1
Loading menu  9.
 Page ofs:  5625, 1433
 Menu load OK. Actors:
 1 3 1 0
 2 1 3 258
 3 2 1 0
 4 1 2-16000
 5 1 3-16000
 6 2 4-16000
 7 3 5-16000
 8 4 5-16000
 1
 1
 1
 1
 1
 1
 1
 1
 1
 1
 1
 1
 1
 1
 1
 1
 1
 1
 1
 1
 1
 1
 1
 1
Loading menu  10.
 Page ofs:  5625, 1433
 Menu load OK. Actors:
 1 3 1 0
 2 1 3 258
 3 2 1 0
 4 2 1-16000
 5 2 1-16000
 1
 1
 1
 1
 1
 1
 1
 1
 1
 1
 1
 1
 1
 1
 1
 1
Loading menu  9.
 Page ofs:  5625, 1433
 Menu load OK. Actors:
 1 3 1 0
 2 1 3 258
 3 2 1 0
 4 1 2-16000
 5 1 3-16000
 6 2 4-16000
 7 3 5-16000
 8 4 5-16000
 1
 1
 1
 1
 1
 1
 1
 1
 1
 1
 1
 1
 1
 1
 1
 1
 1
 1
 1
Loading menu  10.
 Page ofs:  5625, 1433
 Menu load OK. Actors:
 1 3 1 0
 2 1 3 258
 3 2 1 0
 4 2 1-16000
 5 2 1-16000
 1
 1
 1
 1
 1
 1
 1
 1
 1
 1
 1
 1
 1
Loading menu  9.
 Page ofs:  5625, 1433
 Menu load OK. Actors:
 1 3 1 0
 2 1 3 258
 3 2 1 0
 4 1 2-16000
 5 1 3-16000
 6 2 4-16000
 7 3 5-16000
 8 4 5-16000
 1
 1
 1
 1
 1
 1
 1
 1
 1
 1
 1
 1
 1
 1
 1
 1
 1
 1
 1
 1
 1
 1
 1
 1
 1
 1
 1
 1
 1
 1
 1
 1
 1
 1
 1
 1
 1
 1
 1
 1
 1
 1
 1
 1
 1
 1
 1
 1
 1
 1
 1
 1
 1
 1
 1
 1
 1
 1
 1
 1
 1
 1
 1
 1
 1
 1
 1
 1
 1
 1
 1
 1
 1
 1
 1
 1
 1
 1
 1
 1
 1
 1
 1
 1
 1
 1
 1
 1
 1
 1
 1
 1
 1
 1
 1
 1
 1
 1
 1
 1
 1
 1
 1
 1
 1
 1
 1
 1
 1
 1
 1
 1
 1
 1
 1
 1
 1
 1
 1
 1
 1
 1
 1
 1
 1
 1
 1
 1
 1
 1
 1
 1
 1
 1
 1
 1
 1
 1
 1
 1
 1
 1
 1
 1
 1
 1
 1
 1
 1
 1
 1
 1
 1
 1
 1
 1
 1
 1
 1
 1
 1
 1
 1
 1
 1
 1
 1
 1
 1
 1
 1
 1
 1
 1
 1
 1
 1
 1
 1
 1
 1
 1
 1
 1
 1
 1
 1
 1
 1
 1
 1
 1
 1
 1
 1
 1
 1
 1
 1
 1
 1
 1
 1
 1
 1
 1
 1
Loading menu  10.
 Page ofs:  5625, 1433
 Menu load OK. Actors:
 1 3 1 0
 2 1 3 258
 3 2 1 0
 4 2 1-16000
 5 2 1-16000
 1
 1
 1
 1
 1
 1
 1
 1
 1
 1
 1
 1
 1
 1
 1
 1
 1
 1
 1
 1
 1
 1
 1
 1
 1
 1
 1
 1
 1
 1
 1
 1
 1
 1
 1
Loading menu  9.
 Page ofs:  5625, 1433
 Menu load OK. Actors:
 1 3 1 0
 2 1 3 258
 3 2 1 0
 4 1 2-16000
 5 1 3-16000
 6 2 4-16000
 7 3 5-16000
 8 4 5-16000
 1
 1
 1
 1
 1
 1
 1
 1
 1
 1
 1
 1
 1
 1
 1
 1
 1
 1
 1
 1
 1
Loading menu  10.
 Page ofs:  5625, 1433
 Menu load OK. Actors:
 1 3 1 0
 2 1 3 258
 3 2 1 0
 4 2 1-16000
 5 2 1-16000
 1
 1
 1
 1
 1
 1
 1
 1
 1
 1
 1
 1
 1
 1
 1
 1
 1
 1
Loading menu  9.
 Page ofs:  5625, 1433
 Menu load OK. Actors:
 1 3 1 0
 2 1 3 258
 3 2 1 0
 4 1 2-16000
 5 1 3-16000
 6 2 4-16000
 7 3 5-16000
 8 4 5-16000
 1
 1
 1
 1
 1
 1
 1
 1
 1
 1
 1
 1
 1
 1
 1
 1
 1
 1
 1
 1
 1
 1
Loading menu  10.
 Page ofs:  5625, 1433
 Menu load OK. Actors:
 1 3 1 0
 2 1 3 258
 3 2 1 0
 4 2 1-16000
 5 2 1-16000
 1
 1
 1
 1
 1
 1
 1
 1
 1
 1
 1
 1
 1
 1
 1
 1
Loading menu  9.
 Page ofs:  5625, 1433
 Menu load OK. Actors:
 1 3 1 0
 2 1 3 258
 3 2 1 0
 4 1 2-16000
 5 1 3-16000
 6 2 4-16000
 7 3 5-16000
 8 4 5-16000
 1
 1
 1
 1
 1
 1
 1
 1
 1
 1
 1
 1
 1
 1
 1
 1
 1
 1
 1
 1
 1
 1
 1
 1
 1
 1
Loading menu  10.
 Page ofs:  5625, 1433
 Menu load OK. Actors:
 1 3 1 0
 2 1 3 258
 3 2 1 0
 4 2 1-16000
 5 2 1-16000
 1
 1
 1
 1
 1
 1
 1
 1
 1
 1
 1
 1
 1
 1
 1
 1
 1
Loading menu  9.
 Page ofs:  5625, 1433
 Menu load OK. Actors:
 1 3 1 0
 2 1 3 258
 3 2 1 0
 4 1 2-16000
 5 1 3-16000
 6 2 4-16000
 7 3 5-16000
 8 4 5-16000
 1
 1
 1
 1
 1
 1
 1
 1
 1
 1
 1
 1
 1
 1
 1
 1
 1
 1
 1
 1
 1
 1
 1
Loading menu  10.
 Page ofs:  5625, 1433
 Menu load OK. Actors:
 1 3 1 0
 2 1 3 258
 3 2 1 0
 4 2 1-16000
 5 2 1-16000
 1
 1
 1
 1
 1
 1
 1
 1
 1
 1
 1
 1
 1
 1
 1
 1
 1
 1
 1
 1
 1
 1
 1
 1
 1
 1
 1
 1
 1
 1
 1
 1
 1
 1
 1
 1
 1
 1
 1
Loading menu  9.
 Page ofs:  5625, 1433
 Menu load OK. Actors:
 1 3 1 0
 2 1 3 258
 3 2 1 0
 4 1 2-16000
 5 1 3-16000
 6 2 4-16000
 7 3 5-16000
 8 4 5-16000
 1
 1
 1
 1
 1
 1
 1
 1
 1
 1
 1
 1
 1
 1
 1
 1
 1
 1
 1
 1
 1
 1
 1
 1
 1
 1
 1
 1
 1
 1
 1
 1
 1
 1
 1
 1
 1
 1
 1
 1
 1
 1
 1
 1
 1
 1
 1
 1
 1
 1
 1
 1
Loading menu  3.
 Page ofs:  5625, 1433
 Menu load OK. Actors:
 1 3 1 0
 2 1 3 258
 3 2 1 0
 4 1 2-16000
 5 1 2-16000
 1
 1
 1
 1
 1
 1
 1
 1
 1
 1
 1
 1
 1
 1
 1
 1
 1
 1
 1
 1
 1
 1
 1
 1
 1
 1
 1
 1
 1
 1
 1
 1
 1
 1
 1
 1
 1
 1
 1
 1
 1
 1
 1
 1
 1
 1
 1
 1
 1
