'mapID  name   ID  X+  Y+  Flags
"convert"
"actors"
021, " EGGY>", 01, 04, 07, 00
022, "HELMET", 02, 04, 07, 00
023, "SKULL>", 06, 04, 07, 00
024, "FLAM >", 11, 04, 00, 00
031, " EGGY<", 01, 04, 07, 01
032, "HELMET", 02, 04, 07, 01
033, "SKULL<", 06, 04, 07, 00
034, "FLAM <", 12, 04, 00, 01
042, "DRAGON", 03, 04, 07, 00
043, "DROOLY", 04, 04, 08, 00
041, "BABAT ", 05, 04, 00, 00
025, "CANNON", 07, 00, 07, 00
034, "SPIKEY", 08, 04, 04, 00
051, "SPKB B", 15, 04, 04, 00
052, "SPKB U", 17, 04, 04, 00
053, "SPKB+O", 18, 04, 04, 00
054, "SPKB-O", 19, 04, 04, 00
061, " KEY  ", 44, 04, 07, 00
062, "CHEST ", 45, 04, 08, 00
063, "SUPER ", 46, 00, 00, 00
071, "H PLAT", 51, 04, 04, 00
072, "V PLAT", 52, 04, 04, 00
011, " EXIT ", 63, 04, 04, 00
012, "CHECK0", 62, 04, 04, 00
013, "CHECK1", 62, 04, 04, 01
014, "CHECK2", 62, 04, 04, 02
015, "CHECK3", 62, 04, 04, 03
016, "CHECK4", 62, 04, 04, 04
017, "CHECK5", 62, 04, 04, 05
018, "CHECK6", 62, 04, 04, 06
019, "CHECK7", 62, 04, 04, 07
"/actors"
"maps"
"..\convert\test.tmx", "tileset0", "spenemy0", "level0"
"/maps"
"/convert"