"#anims"
" skull 1        ", 070, 00, 00, 10, 08, -4, -4, 1
" skull 2        ", 071, 10, 00, 10, 09, -4, -4, -1
" helmet 1       ", 072, 00, 08, 10, 11, -4,-11, 1
" helmet 2       ", 073, 10, 09, 10, 11, -4,-11, 1
" helmet 3       ", 074, 00, 19, 10, 11, -4,-11, -2
" helmet loose   ", 075, 00, 08, 10, 09, -4, -9, 0
" spiky 1        ", 076, 00, 30, 10, 10, -4, -5, 1
" spiky 2        ", 077, 10, 32, 10, 08, -4, -4, -1
" drooly 1       ", 078, 20, 00, 12, 12, -6, -9, 1
" drooly 4       ", 079, 22, 22, 12, 09, -6, -7, 1
" drooly 2       ", 080, 22, 12, 12, 10, -6, -8, 1
" drooly 3       ", 081, 20, 00, 12, 12, -6, -9, -3
" drip 1         ", 082, 36, 12, 04, 04, -2, -2, 1
" drip 2         ", 083, 36, 16, 04, 05, -2, -2, 1
" drip 3         ", 084, 20, 33, 06, 07, -2, -2, 0
" babat sleep    ", 085, 58, 31, 08, 09, -4, 00, 0
" babat 1        ", 086, 64, 00, 16, 07, -8, -4, 1
" babat 2        ", 087, 26, 33, 16, 07, -8, -5, 1
" babat 2        ", 088, 42, 34, 16, 06, -8, -6, -2
" dragon 1       ", 089, 66, 07, 14, 11, -6, -5, 1
" dragon 2       ", 090, 66, 18, 14, 11, -6, -5, 1
" dragon 3       ", 091, 66, 29, 14, 11, -6, -5, -2
"#end"