"#anims"
" wing 1        ", 070, 00, 00, 16, 13, -8, -5, 1
" wing 1        ", 071, 00, 00, 16, 13, -8, -5, 1
" wing 2        ", 072, 00, 13, 16, 06, -8, 01, 1
" wing 3        ", 073, 00, 19, 16, 09, -8, 02, 1
" wing 2        ", 074, 00, 13, 16, 06, -8, 01, -4
" head 3        ", 075, 16, 32, 16, 08, -8, -5, 1
" head 3        ", 076, 16, 32, 16, 08, -8, -5, 1
" head 3        ", 077, 16, 32, 16, 08, -8, -5, 1
" head 3        ", 078, 16, 32, 16, 08, -8, -5, 1
" head 3        ", 079, 16, 32, 16, 08, -8, -5, 1
" head 1        ", 080, 00, 33, 16, 07, -8, -4, 0
" head 2        ", 082, 00, 24, 16, 10, -8, -5, 1
" head 2        ", 083, 00, 24, 16, 10, -8, -5, 1
" head 2        ", 084, 00, 24, 16, 10, -8, -5, 1
" head 2        ", 085, 00, 24, 16, 10, -8, -5, 1
" head 2        ", 086, 00, 24, 16, 10, -8, -5, 1
" head 2        ", 087, 00, 24, 16, 10, -8, -5, 1
" head 2        ", 088, 00, 24, 16, 10, -8, -5, -8
" body 1        ", 090, 00, 00, 32, 12,-16, -1, 1
" body 1        ", 091, 00, 00, 32, 12,-16, -1, 1
" body 2        ", 092, 32, 01, 28, 09,-14, 02, 1
" body 3        ", 093, 00, 12, 26, 09,-13, 02, 1
" body 2        ", 094, 32, 00, 28, 09,-14, 02, -4
" tail          ", 095, 68, 18, 12, 11, -6, 11, 0
"#end"