"#anims"
"Animation def     idx  x   y   w   h   x+  y+  jmp ", 000, 00, 00, 00, 00, 00, 00, 00
"---------------------------------------------------", 000, 00, 00, 00, 00, 00, 00, 00
"EMPTY          ", 000, 00, 00, 02, 02, 00, 00, 0
"Duck body idle ", 001, 00, 06, 10, 06, -4, -6, 0
"Duck body walk1", 002, 10, 06, 10, 06, -4, -6, 1
"Duck body walk2", 003, 20, 06, 10, 06, -4, -6, 1
"Duck body walk3", 004, 00, 06, 10, 06, -4, -6, -2
"Duck body fly 1", 005, 30, 06, 10, 06, -4, -6, 1
"Duck body fly 2", 006, 00, 12, 10, 07, -4, -7, 1
"Duck body fly 3", 007, 10, 12, 10, 06, -4, -6, -2
"Duck body shoot", 008, 20, 12, 10, 06, -4, -6, 0
"Duck head shoot", 009, 14, 01, 14, 05, -6,-11, 1
"Duck head shoot", 010, 14, 01, 14, 05, -6,-11, 1
"Duck head norm ", 011, 00, 00, 14, 06, -6,-12, 0
"Duck head shoot", 012, 14, 00, 14, 06, -6,-12, 0
"Duck bullet 1  ", 013, 32, 00, 08, 05, -4, -2, 0
"Duck bullet 2  ", 014, 74, 00, 06, 06, -2, -3, 0
"---------------------------------------------------", 000, 00, 00, 02, 02, 00, 00, 00
" eggy idle     ", 015, 10, 18, 10, 07, -4, -7, 0
" eggy jump     ", 016, 00, 19, 10, 09, -4, -8, 0
" eggy drop     ", 017, 20, 18, 10, 06, -4, -6, 0
" platform      ", 018, 12, 50, 16, 05, -8, 00, 0
" eggy shell    ", 019, 56, 45, 10, 05, -4, 00, 0
"---------------------------------------------------", 000, 00, 00, 02, 02, 00, 00, 00
" chest         ", 020, 68, 41, 12, 09, -6, -9, 0
" key           ", 021, 68, 34, 12, 07, -6, -7, 0
" orb           ", 022, 36, 29, 08, 08, -4, -8, 0
" small gem     ", 023, 44, 29, 08, 08, -4, -8, 0
" big gem       ", 024, 52, 29, 10, 08, -4, -8, 0
" Heart	        ", 025, 38, 45, 08, 06, -4, -6, 0
" Button up     ", 026, 30, 15, 10, 06, -4, -6, 0
" Button dn     ", 027, 70, 15, 10, 04, -4, -4, 0
"---------------------------------------------------", 000, 00, 00, 02, 02, 00, 00, 00
" twinkle 3     ", 030, 12, 27, 06, 05, -2, -3, 1
" twinkle 2     ", 031, 18, 27, 06, 05, -2, -3, 1
" twinkle 1     ", 032, 24, 28, 04, 03, -2, -2, 1
" twinkle 2     ", 033, 18, 27, 06, 05, -2, -3, -3
" explode 1     ", 034, 30, 45, 08, 08, -4, -4, 1
" explode 2     ", 035, 30, 37, 08, 08, -4, -4, 1
" explode 3     ", 036, 30, 31, 06, 06, -2, -2, -2
" clear tile    ", 038, 12, 33, 08, 08, 00, 00, 0
" mover tile    ", 039, 20, 33, 08, 08, 00, 00, 0
"---------------------------------------------------", 000, 00, 00, 02, 02, 00, 00, 00
" enemy bullet  ", 040, 30, 21, 04, 04, -2, -2, 1
" enemy bullet 2", 041, 34, 21, 04, 04, -2, -2, -1
"---------------------------------------------------", 000, 00, 00, 02, 02, 00, 00, 00
" spike ball    ", 045, 00, 29, 12, 12, -6, -6, 0
" chain link    ", 046, 30, 25,  4,  4, -2, -2, 0
" Fire breath   ", 047, 32, 12, 08, 03, -4, -1, 0
" Fire bre opn 1", 048, 32, 12, 08, 03, -4, 00, 1
" Fire bre opn 2", 049, 32, 12, 08, 03, -4, 00, 0
" Fireball 1    ", 050, 38, 37, 08, 08, -4, -8, 1
" Fireball 2    ", 051, 46, 37, 08, 08, -4, -8, 1
" Fireball 3    ", 052, 54, 37, 08, 08, -4, -8,-2
" star 1        ", 053, 00, 41, 12, 12, -6, -6, 1
" star 2        ", 054, 00, 41, 12, 12, -6, -6, 1
" star 3        ", 055, 12, 41, 10, 09, -4, -4, 1
" star 4        ", 056, 22, 41, 08, 08, -4, -4, 0
" tile debris1  ", 057, 66, 43, 14, 09, -6, 00, 1
" tile debris2  ", 058, 66, 43, 14, 09, -6, 00, 1
" tile debris3  ", 059, 66, 47, 14, 09, -6, 00, 0
" EOL star      ", 060, 00, 41, 12, 12, -6,-12, 0
" Water 1       ", 061, 64, 53, 16,  3, -8, -3, 1
" Water 2       ", 062, 64, 51, 16,  2, -8, -2, 1
" Water 3       ", 063, 64, 50, 16,  1, -8, -1, -2
" Lava 1        ", 064, 48, 54, 16,  2, -8, -2, 1
" Lava 2        ", 065, 50, 25, 16,  2, -8, -2, 1
" Lava 3        ", 066, 50, 27, 16,  2, -8, -2, -2
" SECRET star   ", 067, 46, 45, 10, 09, -4, -4, 0
" Note          ", 068, 66, 24, 14, 10, -8, -4, 0
"---------------------------------------------------", 000, 00, 00, 02, 02, 00, 00, 00
"#end"